{
 "cells": [
  {
   "cell_type": "code",
   "execution_count": 1,
   "metadata": {},
   "outputs": [],
   "source": [
    "# Análise de Dados Aplicada à Produção Vegetal\n",
    "# Rodolfo Souza - rodolfomssouza@gmail.com\n",
    "# Aula 4 - Análise de regressão"
   ]
  },
  {
   "cell_type": "code",
   "execution_count": 2,
   "metadata": {},
   "outputs": [],
   "source": [
    "# Diretório de trabalho ---------------------------------------------------\n",
    "setwd('~/')\n",
    "setwd('Programming/R/Curso_R_PGPV/')"
   ]
  },
  {
   "cell_type": "code",
   "execution_count": 3,
   "metadata": {},
   "outputs": [
    {
     "data": {
      "text/html": [
       "<table>\n",
       "<thead><tr><th scope=col>X</th><th scope=col>Y</th><th scope=col>ThetaS</th><th scope=col>ThetaAvb</th><th scope=col>PhiMicro</th><th scope=col>PhiMeso</th><th scope=col>PhiMacro</th><th scope=col>Ds</th><th scope=col>S0</th><th scope=col>Ks</th><th scope=col>Clay</th><th scope=col>Silt</th><th scope=col>Sand</th><th scope=col>CSC</th><th scope=col>MSC</th><th scope=col>FSC</th><th scope=col>idS</th><th scope=col>Class</th></tr></thead>\n",
       "<tbody>\n",
       "\t<tr><td>436550 </td><td>9106770</td><td>0.33   </td><td>0.106  </td><td>62.65  </td><td>11.56  </td><td>25.79  </td><td>1.51   </td><td>0.3288 </td><td>0.0052 </td><td>0.0721 </td><td>0.2110 </td><td>0.7169 </td><td>0.1207 </td><td>0.1482 </td><td>0.4480 </td><td>0.0218 </td><td>SaLo   </td></tr>\n",
       "\t<tr><td>436629 </td><td>9106770</td><td>0.35   </td><td>0.117  </td><td>56.85  </td><td>13.35  </td><td>29.80  </td><td>1.57   </td><td>0.4254 </td><td>0.0075 </td><td>0.0604 </td><td>0.1876 </td><td>0.7520 </td><td>0.1002 </td><td>0.0965 </td><td>0.5553 </td><td>0.0262 </td><td>SaLo   </td></tr>\n",
       "\t<tr><td>436709 </td><td>9106752</td><td>0.48   </td><td>0.141  </td><td>80.11  </td><td> 8.22  </td><td>11.67  </td><td>1.39   </td><td>0.2916 </td><td>0.0018 </td><td>0.2028 </td><td>0.3893 </td><td>0.4079 </td><td>0.1826 </td><td>0.0322 </td><td>0.1931 </td><td>0.0242 </td><td>Lo     </td></tr>\n",
       "\t<tr><td>436790 </td><td>9106760</td><td>0.50   </td><td>0.124  </td><td>79.04  </td><td> 7.17  </td><td>13.79  </td><td>1.21   </td><td>0.5414 </td><td>0.0089 </td><td>0.2532 </td><td>0.3258 </td><td>0.4210 </td><td>0.3108 </td><td>0.0140 </td><td>0.0962 </td><td>0.0248 </td><td>Lo     </td></tr>\n",
       "\t<tr><td>436861 </td><td>9106760</td><td>0.49   </td><td>0.110  </td><td>79.09  </td><td> 6.48  </td><td>14.43  </td><td>1.35   </td><td>0.2831 </td><td>0.0035 </td><td>0.3203 </td><td>0.3144 </td><td>0.3653 </td><td>0.2923 </td><td>0.0048 </td><td>0.0682 </td><td>0.0196 </td><td>ClLo   </td></tr>\n",
       "\t<tr><td>436556 </td><td>9106676</td><td>0.36   </td><td>0.102  </td><td>52.34  </td><td>11.09  </td><td>36.57  </td><td>1.57   </td><td>0.1588 </td><td>0.0025 </td><td>0.0669 </td><td>0.2449 </td><td>0.6882 </td><td>0.0652 </td><td>0.0796 </td><td>0.5434 </td><td>0.0244 </td><td>SaLo   </td></tr>\n",
       "</tbody>\n",
       "</table>\n"
      ],
      "text/latex": [
       "\\begin{tabular}{r|llllllllllllllllll}\n",
       " X & Y & ThetaS & ThetaAvb & PhiMicro & PhiMeso & PhiMacro & Ds & S0 & Ks & Clay & Silt & Sand & CSC & MSC & FSC & idS & Class\\\\\n",
       "\\hline\n",
       "\t 436550  & 9106770 & 0.33    & 0.106   & 62.65   & 11.56   & 25.79   & 1.51    & 0.3288  & 0.0052  & 0.0721  & 0.2110  & 0.7169  & 0.1207  & 0.1482  & 0.4480  & 0.0218  & SaLo   \\\\\n",
       "\t 436629  & 9106770 & 0.35    & 0.117   & 56.85   & 13.35   & 29.80   & 1.57    & 0.4254  & 0.0075  & 0.0604  & 0.1876  & 0.7520  & 0.1002  & 0.0965  & 0.5553  & 0.0262  & SaLo   \\\\\n",
       "\t 436709  & 9106752 & 0.48    & 0.141   & 80.11   &  8.22   & 11.67   & 1.39    & 0.2916  & 0.0018  & 0.2028  & 0.3893  & 0.4079  & 0.1826  & 0.0322  & 0.1931  & 0.0242  & Lo     \\\\\n",
       "\t 436790  & 9106760 & 0.50    & 0.124   & 79.04   &  7.17   & 13.79   & 1.21    & 0.5414  & 0.0089  & 0.2532  & 0.3258  & 0.4210  & 0.3108  & 0.0140  & 0.0962  & 0.0248  & Lo     \\\\\n",
       "\t 436861  & 9106760 & 0.49    & 0.110   & 79.09   &  6.48   & 14.43   & 1.35    & 0.2831  & 0.0035  & 0.3203  & 0.3144  & 0.3653  & 0.2923  & 0.0048  & 0.0682  & 0.0196  & ClLo   \\\\\n",
       "\t 436556  & 9106676 & 0.36    & 0.102   & 52.34   & 11.09   & 36.57   & 1.57    & 0.1588  & 0.0025  & 0.0669  & 0.2449  & 0.6882  & 0.0652  & 0.0796  & 0.5434  & 0.0244  & SaLo   \\\\\n",
       "\\end{tabular}\n"
      ],
      "text/markdown": [
       "\n",
       "X | Y | ThetaS | ThetaAvb | PhiMicro | PhiMeso | PhiMacro | Ds | S0 | Ks | Clay | Silt | Sand | CSC | MSC | FSC | idS | Class | \n",
       "|---|---|---|---|---|---|\n",
       "| 436550  | 9106770 | 0.33    | 0.106   | 62.65   | 11.56   | 25.79   | 1.51    | 0.3288  | 0.0052  | 0.0721  | 0.2110  | 0.7169  | 0.1207  | 0.1482  | 0.4480  | 0.0218  | SaLo    | \n",
       "| 436629  | 9106770 | 0.35    | 0.117   | 56.85   | 13.35   | 29.80   | 1.57    | 0.4254  | 0.0075  | 0.0604  | 0.1876  | 0.7520  | 0.1002  | 0.0965  | 0.5553  | 0.0262  | SaLo    | \n",
       "| 436709  | 9106752 | 0.48    | 0.141   | 80.11   |  8.22   | 11.67   | 1.39    | 0.2916  | 0.0018  | 0.2028  | 0.3893  | 0.4079  | 0.1826  | 0.0322  | 0.1931  | 0.0242  | Lo      | \n",
       "| 436790  | 9106760 | 0.50    | 0.124   | 79.04   |  7.17   | 13.79   | 1.21    | 0.5414  | 0.0089  | 0.2532  | 0.3258  | 0.4210  | 0.3108  | 0.0140  | 0.0962  | 0.0248  | Lo      | \n",
       "| 436861  | 9106760 | 0.49    | 0.110   | 79.09   |  6.48   | 14.43   | 1.35    | 0.2831  | 0.0035  | 0.3203  | 0.3144  | 0.3653  | 0.2923  | 0.0048  | 0.0682  | 0.0196  | ClLo    | \n",
       "| 436556  | 9106676 | 0.36    | 0.102   | 52.34   | 11.09   | 36.57   | 1.57    | 0.1588  | 0.0025  | 0.0669  | 0.2449  | 0.6882  | 0.0652  | 0.0796  | 0.5434  | 0.0244  | SaLo    | \n",
       "\n",
       "\n"
      ],
      "text/plain": [
       "  X      Y       ThetaS ThetaAvb PhiMicro PhiMeso PhiMacro Ds   S0     Ks    \n",
       "1 436550 9106770 0.33   0.106    62.65    11.56   25.79    1.51 0.3288 0.0052\n",
       "2 436629 9106770 0.35   0.117    56.85    13.35   29.80    1.57 0.4254 0.0075\n",
       "3 436709 9106752 0.48   0.141    80.11     8.22   11.67    1.39 0.2916 0.0018\n",
       "4 436790 9106760 0.50   0.124    79.04     7.17   13.79    1.21 0.5414 0.0089\n",
       "5 436861 9106760 0.49   0.110    79.09     6.48   14.43    1.35 0.2831 0.0035\n",
       "6 436556 9106676 0.36   0.102    52.34    11.09   36.57    1.57 0.1588 0.0025\n",
       "  Clay   Silt   Sand   CSC    MSC    FSC    idS    Class\n",
       "1 0.0721 0.2110 0.7169 0.1207 0.1482 0.4480 0.0218 SaLo \n",
       "2 0.0604 0.1876 0.7520 0.1002 0.0965 0.5553 0.0262 SaLo \n",
       "3 0.2028 0.3893 0.4079 0.1826 0.0322 0.1931 0.0242 Lo   \n",
       "4 0.2532 0.3258 0.4210 0.3108 0.0140 0.0962 0.0248 Lo   \n",
       "5 0.3203 0.3144 0.3653 0.2923 0.0048 0.0682 0.0196 ClLo \n",
       "6 0.0669 0.2449 0.6882 0.0652 0.0796 0.5434 0.0244 SaLo "
      ]
     },
     "metadata": {},
     "output_type": "display_data"
    }
   ],
   "source": [
    "# Dados -------------------------------------------------------------------\n",
    "d1 = read.table('GEOR_2016_120_Data.txt', h=T)\n",
    "head(d1)"
   ]
  },
  {
   "cell_type": "code",
   "execution_count": 4,
   "metadata": {},
   "outputs": [
    {
     "data": {
      "text/plain": [
       "     ThetaS          ThetaAvb         PhiMicro        PhiMeso      \n",
       " Min.   :0.3300   Min.   :0.0580   Min.   :52.34   Min.   : 4.200  \n",
       " 1st Qu.:0.3950   1st Qu.:0.1070   1st Qu.:65.60   1st Qu.: 6.987  \n",
       " Median :0.4600   Median :0.1205   Median :72.52   Median : 8.245  \n",
       " Mean   :0.4443   Mean   :0.1215   Mean   :73.16   Mean   : 8.546  \n",
       " 3rd Qu.:0.4975   3rd Qu.:0.1310   3rd Qu.:79.86   3rd Qu.:10.068  \n",
       " Max.   :0.5400   Max.   :0.1930   Max.   :90.07   Max.   :13.350  \n",
       "    PhiMacro           Ds              S0               Ks          \n",
       " Min.   : 4.41   Min.   :1.150   Min.   :0.1584   Min.   :0.001100  \n",
       " 1st Qu.:12.34   1st Qu.:1.333   1st Qu.:0.2727   1st Qu.:0.002850  \n",
       " Median :19.00   Median :1.400   Median :0.3122   Median :0.004750  \n",
       " Mean   :18.30   Mean   :1.396   Mean   :0.3827   Mean   :0.005823  \n",
       " 3rd Qu.:23.89   3rd Qu.:1.450   3rd Qu.:0.4236   3rd Qu.:0.007325  \n",
       " Max.   :36.57   Max.   :1.570   Max.   :1.1295   Max.   :0.016800  \n",
       "      Clay             Silt             Sand             CSC        \n",
       " Min.   :0.0604   Min.   :0.1876   Min.   :0.2319   Min.   :0.0242  \n",
       " 1st Qu.:0.1429   1st Qu.:0.3048   1st Qu.:0.3763   1st Qu.:0.1841  \n",
       " Median :0.2011   Median :0.3483   Median :0.4308   Median :0.2422  \n",
       " Mean   :0.2005   Mean   :0.3424   Mean   :0.4571   Mean   :0.2347  \n",
       " 3rd Qu.:0.2645   3rd Qu.:0.4004   3rd Qu.:0.5017   3rd Qu.:0.2871  \n",
       " Max.   :0.4187   Max.   :0.4361   Max.   :0.7520   Max.   :0.4713  \n",
       "      MSC               FSC               idS         \n",
       " Min.   :0.00340   Min.   :0.02700   Min.   :0.01190  \n",
       " 1st Qu.:0.01285   1st Qu.:0.09655   1st Qu.:0.02110  \n",
       " Median :0.01605   Median :0.15025   Median :0.02350  \n",
       " Mean   :0.02815   Mean   :0.19423   Mean   :0.02354  \n",
       " 3rd Qu.:0.02495   3rd Qu.:0.22715   3rd Qu.:0.02542  \n",
       " Max.   :0.14820   Max.   :0.55530   Max.   :0.03650  "
      ]
     },
     "metadata": {},
     "output_type": "display_data"
    }
   ],
   "source": [
    "# Análises ----------------------------------------------------------------\n",
    "# Sumário\n",
    "summary(d1[3:17])"
   ]
  },
  {
   "cell_type": "code",
   "execution_count": 5,
   "metadata": {},
   "outputs": [
    {
     "data": {
      "text/html": [
       "<table>\n",
       "<thead><tr><th></th><th scope=col>ThetaS</th><th scope=col>ThetaAvb</th><th scope=col>PhiMicro</th><th scope=col>PhiMeso</th><th scope=col>PhiMacro</th><th scope=col>Ds</th><th scope=col>S0</th><th scope=col>Ks</th><th scope=col>Clay</th><th scope=col>Silt</th><th scope=col>Sand</th><th scope=col>CSC</th><th scope=col>MSC</th><th scope=col>FSC</th><th scope=col>idS</th></tr></thead>\n",
       "<tbody>\n",
       "\t<tr><th scope=row>ThetaS</th><td> 1.00</td><td> 0.44</td><td> 0.55</td><td>-0.51</td><td>-0.54</td><td>-0.75</td><td> 0.42</td><td> 0.12</td><td> 0.44</td><td> 0.11</td><td>-0.40</td><td> 0.56</td><td>-0.58</td><td>-0.61</td><td> 0.26</td></tr>\n",
       "\t<tr><th scope=row>ThetaAvb</th><td> 0.44</td><td> 1.00</td><td> 0.01</td><td> 0.29</td><td>-0.10</td><td>-0.18</td><td>-0.16</td><td>-0.21</td><td>-0.48</td><td> 0.06</td><td> 0.33</td><td> 0.46</td><td>-0.10</td><td>-0.02</td><td> 0.85</td></tr>\n",
       "\t<tr><th scope=row>PhiMicro</th><td> 0.55</td><td> 0.01</td><td> 1.00</td><td>-0.89</td><td>-0.99</td><td>-0.48</td><td> 0.50</td><td> 0.07</td><td> 0.77</td><td> 0.04</td><td>-0.60</td><td> 0.15</td><td>-0.50</td><td>-0.52</td><td>-0.41</td></tr>\n",
       "\t<tr><th scope=row>PhiMeso</th><td>-0.51</td><td> 0.29</td><td>-0.89</td><td> 1.00</td><td> 0.82</td><td> 0.49</td><td>-0.51</td><td>-0.24</td><td>-0.91</td><td>-0.11</td><td> 0.75</td><td>-0.09</td><td> 0.59</td><td> 0.57</td><td> 0.62</td></tr>\n",
       "\t<tr><th scope=row>PhiMacro</th><td>-0.54</td><td>-0.10</td><td>-0.99</td><td> 0.82</td><td> 1.00</td><td> 0.45</td><td>-0.48</td><td>-0.03</td><td>-0.70</td><td>-0.02</td><td> 0.54</td><td>-0.17</td><td> 0.45</td><td> 0.48</td><td> 0.34</td></tr>\n",
       "\t<tr><th scope=row>Ds</th><td>-0.75</td><td>-0.18</td><td>-0.48</td><td> 0.49</td><td> 0.45</td><td> 1.00</td><td>-0.59</td><td>-0.44</td><td>-0.46</td><td>-0.15</td><td> 0.43</td><td>-0.47</td><td> 0.51</td><td> 0.59</td><td>-0.14</td></tr>\n",
       "\t<tr><th scope=row>S0</th><td> 0.42</td><td>-0.16</td><td> 0.50</td><td>-0.51</td><td>-0.48</td><td>-0.59</td><td> 1.00</td><td> 0.63</td><td> 0.50</td><td>-0.02</td><td>-0.36</td><td> 0.07</td><td>-0.18</td><td>-0.33</td><td>-0.25</td></tr>\n",
       "\t<tr><th scope=row>Ks</th><td> 0.12</td><td>-0.21</td><td> 0.07</td><td>-0.24</td><td>-0.03</td><td>-0.44</td><td> 0.63</td><td> 1.00</td><td> 0.26</td><td> 0.22</td><td>-0.32</td><td>-0.02</td><td>-0.15</td><td>-0.23</td><td>-0.16</td></tr>\n",
       "\t<tr><th scope=row>Clay</th><td> 0.44</td><td>-0.48</td><td> 0.77</td><td>-0.91</td><td>-0.70</td><td>-0.46</td><td> 0.50</td><td> 0.26</td><td> 1.00</td><td> 0.14</td><td>-0.83</td><td> 0.11</td><td>-0.60</td><td>-0.66</td><td>-0.69</td></tr>\n",
       "\t<tr><th scope=row>Silt</th><td> 0.11</td><td> 0.06</td><td> 0.04</td><td>-0.11</td><td>-0.02</td><td>-0.15</td><td>-0.02</td><td> 0.22</td><td> 0.14</td><td> 1.00</td><td>-0.67</td><td> 0.07</td><td>-0.51</td><td>-0.52</td><td> 0.02</td></tr>\n",
       "\t<tr><th scope=row>Sand</th><td>-0.40</td><td> 0.33</td><td>-0.60</td><td> 0.75</td><td> 0.54</td><td> 0.43</td><td>-0.36</td><td>-0.32</td><td>-0.83</td><td>-0.67</td><td> 1.00</td><td>-0.13</td><td> 0.74</td><td> 0.79</td><td> 0.50</td></tr>\n",
       "\t<tr><th scope=row>CSC</th><td> 0.56</td><td> 0.46</td><td> 0.15</td><td>-0.09</td><td>-0.17</td><td>-0.47</td><td> 0.07</td><td>-0.02</td><td> 0.11</td><td> 0.07</td><td>-0.13</td><td> 1.00</td><td>-0.55</td><td>-0.70</td><td> 0.37</td></tr>\n",
       "\t<tr><th scope=row>MSC</th><td>-0.58</td><td>-0.10</td><td>-0.50</td><td> 0.59</td><td> 0.45</td><td> 0.51</td><td>-0.18</td><td>-0.15</td><td>-0.60</td><td>-0.51</td><td> 0.74</td><td>-0.55</td><td> 1.00</td><td> 0.80</td><td> 0.08</td></tr>\n",
       "\t<tr><th scope=row>FSC</th><td>-0.61</td><td>-0.02</td><td>-0.52</td><td> 0.57</td><td> 0.48</td><td> 0.59</td><td>-0.33</td><td>-0.23</td><td>-0.66</td><td>-0.52</td><td> 0.79</td><td>-0.70</td><td> 0.80</td><td> 1.00</td><td> 0.16</td></tr>\n",
       "\t<tr><th scope=row>idS</th><td> 0.26</td><td> 0.85</td><td>-0.41</td><td> 0.62</td><td> 0.34</td><td>-0.14</td><td>-0.25</td><td>-0.16</td><td>-0.69</td><td> 0.02</td><td> 0.50</td><td> 0.37</td><td> 0.08</td><td> 0.16</td><td> 1.00</td></tr>\n",
       "</tbody>\n",
       "</table>\n"
      ],
      "text/latex": [
       "\\begin{tabular}{r|lllllllllllllll}\n",
       "  & ThetaS & ThetaAvb & PhiMicro & PhiMeso & PhiMacro & Ds & S0 & Ks & Clay & Silt & Sand & CSC & MSC & FSC & idS\\\\\n",
       "\\hline\n",
       "\tThetaS &  1.00 &  0.44 &  0.55 & -0.51 & -0.54 & -0.75 &  0.42 &  0.12 &  0.44 &  0.11 & -0.40 &  0.56 & -0.58 & -0.61 &  0.26\\\\\n",
       "\tThetaAvb &  0.44 &  1.00 &  0.01 &  0.29 & -0.10 & -0.18 & -0.16 & -0.21 & -0.48 &  0.06 &  0.33 &  0.46 & -0.10 & -0.02 &  0.85\\\\\n",
       "\tPhiMicro &  0.55 &  0.01 &  1.00 & -0.89 & -0.99 & -0.48 &  0.50 &  0.07 &  0.77 &  0.04 & -0.60 &  0.15 & -0.50 & -0.52 & -0.41\\\\\n",
       "\tPhiMeso & -0.51 &  0.29 & -0.89 &  1.00 &  0.82 &  0.49 & -0.51 & -0.24 & -0.91 & -0.11 &  0.75 & -0.09 &  0.59 &  0.57 &  0.62\\\\\n",
       "\tPhiMacro & -0.54 & -0.10 & -0.99 &  0.82 &  1.00 &  0.45 & -0.48 & -0.03 & -0.70 & -0.02 &  0.54 & -0.17 &  0.45 &  0.48 &  0.34\\\\\n",
       "\tDs & -0.75 & -0.18 & -0.48 &  0.49 &  0.45 &  1.00 & -0.59 & -0.44 & -0.46 & -0.15 &  0.43 & -0.47 &  0.51 &  0.59 & -0.14\\\\\n",
       "\tS0 &  0.42 & -0.16 &  0.50 & -0.51 & -0.48 & -0.59 &  1.00 &  0.63 &  0.50 & -0.02 & -0.36 &  0.07 & -0.18 & -0.33 & -0.25\\\\\n",
       "\tKs &  0.12 & -0.21 &  0.07 & -0.24 & -0.03 & -0.44 &  0.63 &  1.00 &  0.26 &  0.22 & -0.32 & -0.02 & -0.15 & -0.23 & -0.16\\\\\n",
       "\tClay &  0.44 & -0.48 &  0.77 & -0.91 & -0.70 & -0.46 &  0.50 &  0.26 &  1.00 &  0.14 & -0.83 &  0.11 & -0.60 & -0.66 & -0.69\\\\\n",
       "\tSilt &  0.11 &  0.06 &  0.04 & -0.11 & -0.02 & -0.15 & -0.02 &  0.22 &  0.14 &  1.00 & -0.67 &  0.07 & -0.51 & -0.52 &  0.02\\\\\n",
       "\tSand & -0.40 &  0.33 & -0.60 &  0.75 &  0.54 &  0.43 & -0.36 & -0.32 & -0.83 & -0.67 &  1.00 & -0.13 &  0.74 &  0.79 &  0.50\\\\\n",
       "\tCSC &  0.56 &  0.46 &  0.15 & -0.09 & -0.17 & -0.47 &  0.07 & -0.02 &  0.11 &  0.07 & -0.13 &  1.00 & -0.55 & -0.70 &  0.37\\\\\n",
       "\tMSC & -0.58 & -0.10 & -0.50 &  0.59 &  0.45 &  0.51 & -0.18 & -0.15 & -0.60 & -0.51 &  0.74 & -0.55 &  1.00 &  0.80 &  0.08\\\\\n",
       "\tFSC & -0.61 & -0.02 & -0.52 &  0.57 &  0.48 &  0.59 & -0.33 & -0.23 & -0.66 & -0.52 &  0.79 & -0.70 &  0.80 &  1.00 &  0.16\\\\\n",
       "\tidS &  0.26 &  0.85 & -0.41 &  0.62 &  0.34 & -0.14 & -0.25 & -0.16 & -0.69 &  0.02 &  0.50 &  0.37 &  0.08 &  0.16 &  1.00\\\\\n",
       "\\end{tabular}\n"
      ],
      "text/markdown": [
       "\n",
       "| <!--/--> | ThetaS | ThetaAvb | PhiMicro | PhiMeso | PhiMacro | Ds | S0 | Ks | Clay | Silt | Sand | CSC | MSC | FSC | idS | \n",
       "|---|---|---|---|---|---|---|---|---|---|---|---|---|---|---|\n",
       "| ThetaS |  1.00 |  0.44 |  0.55 | -0.51 | -0.54 | -0.75 |  0.42 |  0.12 |  0.44 |  0.11 | -0.40 |  0.56 | -0.58 | -0.61 |  0.26 | \n",
       "| ThetaAvb |  0.44 |  1.00 |  0.01 |  0.29 | -0.10 | -0.18 | -0.16 | -0.21 | -0.48 |  0.06 |  0.33 |  0.46 | -0.10 | -0.02 |  0.85 | \n",
       "| PhiMicro |  0.55 |  0.01 |  1.00 | -0.89 | -0.99 | -0.48 |  0.50 |  0.07 |  0.77 |  0.04 | -0.60 |  0.15 | -0.50 | -0.52 | -0.41 | \n",
       "| PhiMeso | -0.51 |  0.29 | -0.89 |  1.00 |  0.82 |  0.49 | -0.51 | -0.24 | -0.91 | -0.11 |  0.75 | -0.09 |  0.59 |  0.57 |  0.62 | \n",
       "| PhiMacro | -0.54 | -0.10 | -0.99 |  0.82 |  1.00 |  0.45 | -0.48 | -0.03 | -0.70 | -0.02 |  0.54 | -0.17 |  0.45 |  0.48 |  0.34 | \n",
       "| Ds | -0.75 | -0.18 | -0.48 |  0.49 |  0.45 |  1.00 | -0.59 | -0.44 | -0.46 | -0.15 |  0.43 | -0.47 |  0.51 |  0.59 | -0.14 | \n",
       "| S0 |  0.42 | -0.16 |  0.50 | -0.51 | -0.48 | -0.59 |  1.00 |  0.63 |  0.50 | -0.02 | -0.36 |  0.07 | -0.18 | -0.33 | -0.25 | \n",
       "| Ks |  0.12 | -0.21 |  0.07 | -0.24 | -0.03 | -0.44 |  0.63 |  1.00 |  0.26 |  0.22 | -0.32 | -0.02 | -0.15 | -0.23 | -0.16 | \n",
       "| Clay |  0.44 | -0.48 |  0.77 | -0.91 | -0.70 | -0.46 |  0.50 |  0.26 |  1.00 |  0.14 | -0.83 |  0.11 | -0.60 | -0.66 | -0.69 | \n",
       "| Silt |  0.11 |  0.06 |  0.04 | -0.11 | -0.02 | -0.15 | -0.02 |  0.22 |  0.14 |  1.00 | -0.67 |  0.07 | -0.51 | -0.52 |  0.02 | \n",
       "| Sand | -0.40 |  0.33 | -0.60 |  0.75 |  0.54 |  0.43 | -0.36 | -0.32 | -0.83 | -0.67 |  1.00 | -0.13 |  0.74 |  0.79 |  0.50 | \n",
       "| CSC |  0.56 |  0.46 |  0.15 | -0.09 | -0.17 | -0.47 |  0.07 | -0.02 |  0.11 |  0.07 | -0.13 |  1.00 | -0.55 | -0.70 |  0.37 | \n",
       "| MSC | -0.58 | -0.10 | -0.50 |  0.59 |  0.45 |  0.51 | -0.18 | -0.15 | -0.60 | -0.51 |  0.74 | -0.55 |  1.00 |  0.80 |  0.08 | \n",
       "| FSC | -0.61 | -0.02 | -0.52 |  0.57 |  0.48 |  0.59 | -0.33 | -0.23 | -0.66 | -0.52 |  0.79 | -0.70 |  0.80 |  1.00 |  0.16 | \n",
       "| idS |  0.26 |  0.85 | -0.41 |  0.62 |  0.34 | -0.14 | -0.25 | -0.16 | -0.69 |  0.02 |  0.50 |  0.37 |  0.08 |  0.16 |  1.00 | \n",
       "\n",
       "\n"
      ],
      "text/plain": [
       "         ThetaS ThetaAvb PhiMicro PhiMeso PhiMacro Ds    S0    Ks    Clay \n",
       "ThetaS    1.00   0.44     0.55    -0.51   -0.54    -0.75  0.42  0.12  0.44\n",
       "ThetaAvb  0.44   1.00     0.01     0.29   -0.10    -0.18 -0.16 -0.21 -0.48\n",
       "PhiMicro  0.55   0.01     1.00    -0.89   -0.99    -0.48  0.50  0.07  0.77\n",
       "PhiMeso  -0.51   0.29    -0.89     1.00    0.82     0.49 -0.51 -0.24 -0.91\n",
       "PhiMacro -0.54  -0.10    -0.99     0.82    1.00     0.45 -0.48 -0.03 -0.70\n",
       "Ds       -0.75  -0.18    -0.48     0.49    0.45     1.00 -0.59 -0.44 -0.46\n",
       "S0        0.42  -0.16     0.50    -0.51   -0.48    -0.59  1.00  0.63  0.50\n",
       "Ks        0.12  -0.21     0.07    -0.24   -0.03    -0.44  0.63  1.00  0.26\n",
       "Clay      0.44  -0.48     0.77    -0.91   -0.70    -0.46  0.50  0.26  1.00\n",
       "Silt      0.11   0.06     0.04    -0.11   -0.02    -0.15 -0.02  0.22  0.14\n",
       "Sand     -0.40   0.33    -0.60     0.75    0.54     0.43 -0.36 -0.32 -0.83\n",
       "CSC       0.56   0.46     0.15    -0.09   -0.17    -0.47  0.07 -0.02  0.11\n",
       "MSC      -0.58  -0.10    -0.50     0.59    0.45     0.51 -0.18 -0.15 -0.60\n",
       "FSC      -0.61  -0.02    -0.52     0.57    0.48     0.59 -0.33 -0.23 -0.66\n",
       "idS       0.26   0.85    -0.41     0.62    0.34    -0.14 -0.25 -0.16 -0.69\n",
       "         Silt  Sand  CSC   MSC   FSC   idS  \n",
       "ThetaS    0.11 -0.40  0.56 -0.58 -0.61  0.26\n",
       "ThetaAvb  0.06  0.33  0.46 -0.10 -0.02  0.85\n",
       "PhiMicro  0.04 -0.60  0.15 -0.50 -0.52 -0.41\n",
       "PhiMeso  -0.11  0.75 -0.09  0.59  0.57  0.62\n",
       "PhiMacro -0.02  0.54 -0.17  0.45  0.48  0.34\n",
       "Ds       -0.15  0.43 -0.47  0.51  0.59 -0.14\n",
       "S0       -0.02 -0.36  0.07 -0.18 -0.33 -0.25\n",
       "Ks        0.22 -0.32 -0.02 -0.15 -0.23 -0.16\n",
       "Clay      0.14 -0.83  0.11 -0.60 -0.66 -0.69\n",
       "Silt      1.00 -0.67  0.07 -0.51 -0.52  0.02\n",
       "Sand     -0.67  1.00 -0.13  0.74  0.79  0.50\n",
       "CSC       0.07 -0.13  1.00 -0.55 -0.70  0.37\n",
       "MSC      -0.51  0.74 -0.55  1.00  0.80  0.08\n",
       "FSC      -0.52  0.79 -0.70  0.80  1.00  0.16\n",
       "idS       0.02  0.50  0.37  0.08  0.16  1.00"
      ]
     },
     "metadata": {},
     "output_type": "display_data"
    }
   ],
   "source": [
    "# Coeficiente de correlação de Pearson\n",
    "round(cor(d1[3:17]), digits = 2)"
   ]
  },
  {
   "cell_type": "code",
   "execution_count": 6,
   "metadata": {},
   "outputs": [
    {
     "data": {
